0.482033 0.517967
0.103264 0.000254972 0.49694 0.40719 0.0583886 0.00841407 
0.0961082 0.000237304 0.462506 0.378975 0.0543427 0.00783104 
0.398214 0.000255102 0.383929 0.292092 
0.370608 0.000237417 0.357312 0.271842 
0.322211 0.0124809 0.0084055 0.00433011 0.0145186 0.00433011 0.159195 0.183647 0.10214 0.263118 
0.299905 0.0116169 0.00782361 0.00403035 0.0135135 0.00403035 0.148174 0.170934 0.0950688 0.244903 
0.702654 0.371873 
0.653919 0.346081 
0.102166 0.102166 0.000254777 0.000254777 0.000254777 0.000254777 0.868535 0.000254777 0.000254777 
0.0950913 0.0950913 0.000237135 0.000237135 0.000237135 0.000237135 0.808395 0.000237135 0.000237135 
0.420127 0.444586 0.0124841 0.0124841 0.000254777 0.0124841 0.0124841 0.147006 0.0124841 
0.391036 0.413801 0.0116196 0.0116196 0.000237135 0.0116196 0.0116196 0.136827 0.0116196 
0.22463 0.0736869 0.102244 0.0981642 0.304182 0.271545 
0.209065 0.0685809 0.095159 0.0913621 0.283104 0.252729 
0.359164 0.0614326 0.0655111 0.0349223 0.024726 0.049197 0.47948 
0.334282 0.0571767 0.0609727 0.032503 0.023013 0.0457888 0.446263 
